136 319 1.0
0 1 2.0
1 2 2.0
1 3 2.0
1 13 2.0
2 3 2.0
4 8 2.0
4 11 2.0
4 13 2.0
4 132 2.0
5 12 2.0
5 14 2.0
5 70 2.0
5 74 2.0
6 9 2.0
6 10 2.0
7 15 2.0
7 43 2.0
7 44 2.0
8 31 2.0
8 131 2.0
9 10 2.0
9 18 2.0
9 22 2.0
10 11 2.0
10 12 2.0
10 13 2.0
10 14 2.0
10 16 2.0
11 24 2.0
11 27 2.0
11 73 2.0
12 13 2.0
12 15 2.0
12 18 2.0
12 22 2.0
12 25 2.0
12 27 2.0
12 41 2.0
12 70 2.0
12 71 2.0
12 75 2.0
14 15 2.0
14 16 2.0
14 23 2.0
15 16 2.0
15 22 2.0
16 17 2.0
16 18 2.0
16 34 2.0
17 18 2.0
19 20 2.0
19 21 2.0
19 31 2.0
20 21 2.0
21 35 2.0
21 39 2.0
22 24 2.0
22 25 2.0
22 36 2.0
23 25 2.0
24 26 2.0
26 28 2.0
26 41 2.0
27 30 2.0
27 68 2.0
27 132 2.0
28 29 2.0
28 35 2.0
28 41 2.0
29 41 2.0
30 131 2.0
31 83 2.0
32 33 2.0
32 34 2.0
32 99 2.0
33 34 2.0
33 42 2.0
33 44 2.0
33 45 2.0
33 46 2.0
34 58 2.0
34 99 2.0
35 45 2.0
35 46 2.0
36 42 2.0
37 40 2.0
37 130 2.0
38 39 2.0
38 40 2.0
38 56 2.0
38 61 2.0
39 40 2.0
41 42 2.0
41 43 2.0
41 51 2.0
41 53 2.0
43 51 2.0
43 76 2.0
44 46 2.0
44 49 2.0
44 51 2.0
45 48 2.0
45 50 2.0
45 77 2.0
46 47 2.0
47 49 2.0
47 54 2.0
47 62 2.0
47 64 2.0
47 67 2.0
47 76 2.0
47 85 2.0
47 86 2.0
48 49 2.0
48 50 2.0
48 133 2.0
49 50 2.0
51 52 2.0
51 118 2.0
52 63 2.0
52 79 2.0
53 54 2.0
53 56 2.0
54 55 2.0
54 56 2.0
54 61 2.0
54 63 2.0
54 67 2.0
55 56 2.0
56 57 2.0
56 59 2.0
56 61 2.0
56 64 2.0
57 61 2.0
57 67 2.0
57 68 2.0
58 74 2.0
58 128 2.0
59 66 2.0
59 67 2.0
59 86 2.0
60 79 2.0
60 85 2.0
60 128 2.0
62 63 2.0
62 64 2.0
62 66 2.0
62 69 2.0
62 71 2.0
62 76 2.0
62 86 2.0
63 64 2.0
63 68 2.0
67 85 2.0
67 86 2.0
67 118 2.0
68 69 2.0
68 118 2.0
69 77 2.0
69 85 2.0
69 106 2.0
69 118 2.0
70 71 2.0
70 72 2.0
70 74 2.0
70 75 2.0
71 73 2.0
71 74 2.0
71 75 2.0
72 73 2.0
72 74 2.0
72 125 2.0
73 74 2.0
74 75 2.0
76 118 2.0
76 129 2.0
77 118 2.0
78 79 2.0
78 81 2.0
78 83 2.0
79 81 2.0
79 88 2.0
79 127 2.0
79 129 2.0
80 81 2.0
80 83 2.0
80 84 2.0
80 123 2.0
81 82 2.0
81 83 2.0
81 84 2.0
81 85 2.0
81 87 2.0
81 88 2.0
81 123 2.0
81 127 2.0
82 83 2.0
82 84 2.0
83 84 2.0
84 126 2.0
85 86 2.0
85 87 2.0
85 88 2.0
85 111 2.0
85 119 2.0
85 123 2.0
86 88 2.0
86 119 2.0
86 126 2.0
86 127 2.0
86 129 2.0
87 88 2.0
88 127 2.0
88 128 2.0
89 90 2.0
90 95 2.0
90 124 2.0
91 92 2.0
91 95 2.0
91 103 2.0
92 93 2.0
92 95 2.0
92 125 2.0
93 94 2.0
93 96 2.0
93 98 2.0
93 105 2.0
93 106 2.0
93 110 2.0
93 124 2.0
93 125 2.0
94 95 2.0
94 96 2.0
94 98 2.0
94 110 2.0
94 117 2.0
94 124 2.0
94 125 2.0
95 98 2.0
95 105 2.0
96 99 2.0
96 117 2.0
97 99 2.0
97 121 2.0
98 100 2.0
98 105 2.0
98 110 2.0
98 121 2.0
99 100 2.0
99 101 2.0
99 103 2.0
99 108 2.0
99 120 2.0
99 121 2.0
99 122 2.0
100 101 2.0
101 103 2.0
101 105 2.0
101 120 2.0
102 103 2.0
102 104 2.0
103 104 2.0
103 106 2.0
103 107 2.0
103 108 2.0
103 112 2.0
103 120 2.0
103 121 2.0
105 106 2.0
105 113 2.0
105 116 2.0
106 108 2.0
106 109 2.0
106 113 2.0
106 114 2.0
106 115 2.0
107 108 2.0
107 109 2.0
107 111 2.0
107 115 2.0
107 124 2.0
107 125 2.0
108 109 2.0
108 110 2.0
108 111 2.0
108 120 2.0
109 112 2.0
109 115 2.0
109 120 2.0
110 111 2.0
110 116 2.0
111 112 2.0
111 113 2.0
112 114 2.0
112 115 2.0
113 114 2.0
113 116 2.0
113 117 2.0
114 115 2.0
114 116 2.0
114 117 2.0
114 118 2.0
114 126 2.0
115 116 2.0
115 117 2.0
116 117 2.0
119 128 2.0
119 129 2.0
120 121 2.0
120 122 2.0
121 122 2.0
123 132 2.0
124 125 2.0
124 127 2.0
126 130 2.0
126 132 2.0
127 128 2.0
130 131 2.0
133 135 2.0
